begin 31
    31 103 0 ""
    31 140 1 "  "
    31 142 1 "  "
    31 292 2 "       "
    31 319 3 ""
    31 322 3 ""
    31 350 4 "       "
    31 377 6 "       "
    31 405 7 "                                                                         "
    31 429 8 "                                                                         "
    31 432 8 "                                                                         "
    31 457 9 "                                                                         "
    31 482 10 "                                                                         "
    31 520 11 ""
    31 521 11 ""
    31 531 11 ""
    31 682 13 ""
    31 683 12 "                           "
    31 684 12 "                           "
    31 695 13 ""
    31 696 12 "                           "
    31 697 12 "                           "
    31 698 12 ""
    31 737 16 ""
    31 740 16 ""
    31 741 15 "                                                                         "
    31 742 15 "                                                                         "
    31 745 15 ""
    31 802 21 "   "
    31 818 21 "   "
    31 819 18 "                                                                         "
    31 820 18 "                                                                         "
    31 822 18 ""
    31 1133 25 "" 
    31 1133 25 "" 
    31 1133 25 "" 
    31 1133 25 "" 
    31 1133 25 "" 
    31 1133 25 "" 
    31 1133 25 "" 
    31 1144 26 "                       "
    31 1199 35 "                  "
    31 1203 35 ""
    31 1297 38 "                                                                         "
    31 1299 38 "                                                                         "
    31 1300 38 ""
    31 1328 39 "                                                                         "
    31 1329 39 ""
    31 1804 42 "                          "
    31 1801 40 "" 
    31 1801 40 "" 
    31 1801 40 "" 
    31 1801 40 "" 
    31 1801 40 "" 
    31 1801 40 "" 
    31 1801 40 "" 
    31 1801 40 "" 
    31 1801 40 "" 
    31 1801 40 "" 
    31 1801 40 "" 
    31 1801 40 "" 
    31 1801 40 "" 
    31 1801 40 "" 
    31 1801 40 "" 
    31 1801 40 "" 
    31 1801 40 "" 
    31 1801 40 "" 
    31 1801 40 "" 
    31 1801 40 "" 
    31 1805 41 "                                                                                                                          "
    31 1801 40 "" 
    31 1801 40 "" 
    31 1801 40 "" 
    31 1801 40 "" 
    31 1801 40 "" 
    31 1801 40 "" 
    31 1801 40 "" 
    31 1801 40 "" 
    31 1801 40 "" 
    31 1801 40 "" 
    31 1801 40 "" 
    31 1801 40 "" 
    31 1801 40 "" 
    31 1801 40 "" 
    31 1801 40 "" 
    31 1801 40 "" 
    31 1801 40 "" 
    31 1801 40 "" 
    31 1801 40 "" 
    31 1801 40 "" 
    31 1808 41 "                                                                                                                          "
    31 1857 43 "" 
    31 1857 43 "" 
    31 1857 43 "" 
    31 1857 43 "" 
    31 1857 43 "" 
    31 1857 43 "" 
    31 1857 43 "" 
    31 1857 43 "" 
    31 1857 43 "" 
    31 1857 43 "" 
    31 1857 43 "" 
    31 1857 43 "" 
    31 1857 43 "" 
    31 1857 43 "" 
    31 1857 43 "" 
    31 1870 44 "                              "
    31 2004 45 ""
    31 2005 45 ""
    31 2006 45 ""
    31 2010 45 ""
    31 2033 46 "                  "
    31 2034 46 "                  "
    31 2035 46 "                  "
    31 2038 46 ""
    31 2058 47 ""
    31 2059 47 ""
    31 2060 47 ""
    31 2068 47 ""
    31 2087 48 ""
    31 2088 48 ""
    31 2089 48 ""
    31 2095 48 ""
    31 2119 49 ""
    31 2120 49 ""
    31 2123 49 ""
    31 2143 50 ""
    31 2144 50 ""
    31 2147 50 ""
    31 2166 51 ""
    31 2167 51 ""
    31 2173 51 ""
    31 2190 52 ""
    31 2191 52 ""
    31 2196 52 ""
    31 2219 53 ""
    31 2222 53 ""
    31 2242 54 "                  "
    31 2244 54 ""
    31 2265 55 ""
    31 2268 55 ""
    31 2284 56 ""
    31 2289 56 ""
    31 2408 57 ""
    31 2430 58 "                                                                         "
    31 2431 58 ""
    31 2796 62 ""
    31 2797 62 ""
    31 2803 60 ""
    31 2781 59 "" 
    31 2781 59 "" 
    31 2781 59 "" 
    31 2781 59 "" 
    31 2781 59 "" 
    31 2781 59 "" 
    31 2781 59 "" 
    31 2781 59 "" 
    31 2781 59 "" 
    31 2781 59 "" 
    31 2781 59 "" 
    31 2781 59 "" 
    31 2781 59 "" 
    31 2781 59 "" 
    31 2781 59 "" 
    31 2804 61 ""
    31 2805 62 ""
    31 2781 59 "" 
    31 2781 59 "" 
    31 2781 59 "" 
    31 2781 59 "" 
    31 2781 59 "" 
    31 2781 59 "" 
    31 2781 59 "" 
    31 2781 59 "" 
    31 2781 59 "" 
    31 2781 59 "" 
    31 2781 59 "" 
    31 2781 59 "" 
    31 2781 59 "" 
    31 2781 59 "" 
    31 2781 59 "" 
    31 2817 61 ""
    31 2781 59 "" 
    31 2781 59 "" 
    31 2781 59 "" 
    31 2781 59 "" 
    31 2781 59 "" 
    31 2781 59 "" 
    31 2781 59 "" 
    31 2781 59 "" 
    31 2781 59 "" 
    31 2781 59 "" 
    31 2781 59 "" 
    31 2781 59 "" 
    31 2781 59 "" 
    31 2781 59 "" 
    31 2781 59 "" 
    31 2818 61 ""
    31 2825 60 ""
    31 2781 59 "" 
    31 2781 59 "" 
    31 2781 59 "" 
    31 2781 59 "" 
    31 2781 59 "" 
    31 2781 59 "" 
    31 2781 59 "" 
    31 2781 59 "" 
    31 2781 59 "" 
    31 2781 59 "" 
    31 2781 59 "" 
    31 2781 59 "" 
    31 2781 59 "" 
    31 2781 59 "" 
    31 2781 59 "" 
    31 2827 61 ""
    31 2828 62 ""
    31 2836 60 ""
    31 2896 72 ""
    31 2989 75 "      "
    31 2990 77 "   "
    31 2992 74 ""
    31 2994 77 "   "
    31 2995 74 ""
    31 2996 76 "     "
    31 2997 73 "    31 2998 74 "    31 2999 75 "    31 3000 76 "    31 3001 77 ""
    31 3067 81 ""
    31 3068 81 ""
    31 3060 78 "" 
    31 3060 78 "" 
    31 3060 78 "" 
    31 3060 78 "" 
    31 3060 78 "" 
    31 3060 78 "" 
    31 3060 78 "" 
    31 3060 78 "" 
    31 3060 78 "" 
    31 3060 78 "" 
    31 3060 78 "" 
    31 3060 78 "" 
    31 3060 78 "" 
    31 3060 78 "" 
    31 3060 78 "" 
    31 3074 80 ""
    31 3075 81 ""
    31 3060 78 "" 
    31 3060 78 "" 
    31 3060 78 "" 
    31 3060 78 "" 
    31 3060 78 "" 
    31 3060 78 "" 
    31 3060 78 "" 
    31 3060 78 "" 
    31 3060 78 "" 
    31 3060 78 "" 
    31 3060 78 "" 
    31 3060 78 "" 
    31 3060 78 "" 
    31 3060 78 "" 
    31 3060 78 "" 
    31 3087 80 ""
    31 3060 78 "" 
    31 3060 78 "" 
    31 3060 78 "" 
    31 3060 78 "" 
    31 3060 78 "" 
    31 3060 78 "" 
    31 3060 78 "" 
    31 3060 78 "" 
    31 3060 78 "" 
    31 3060 78 "" 
    31 3060 78 "" 
    31 3060 78 "" 
    31 3060 78 "" 
    31 3060 78 "" 
    31 3060 78 "" 
    31 3088 80 ""
    31 3060 78 "" 
    31 3060 78 "" 
    31 3060 78 "" 
    31 3060 78 "" 
    31 3060 78 "" 
    31 3060 78 "" 
    31 3060 78 "" 
    31 3060 78 "" 
    31 3060 78 "" 
    31 3060 78 "" 
    31 3060 78 "" 
    31 3060 78 "" 
    31 3060 78 "" 
    31 3060 78 "" 
    31 3060 78 "" 
    31 3094 80 ""
    31 3102 79 ""
    31 3181 85 ""
    31 3182 85 ""
    31 3190 84 ""
    31 3191 87 ""
    31 3175 83 "" 
    31 3175 83 "" 
    31 3175 83 "" 
    31 3175 83 "" 
    31 3175 83 "" 
    31 3175 83 "" 
    31 3175 83 "" 
    31 3175 83 "" 
    31 3175 83 "" 
    31 3175 83 "" 
    31 3175 83 "" 
    31 3175 83 "" 
    31 3175 83 "" 
    31 3175 83 "" 
    31 3175 83 "" 
    31 3194 86 ""
    31 3195 85 ""
    31 3175 83 "" 
    31 3175 83 "" 
    31 3175 83 "" 
    31 3175 83 "" 
    31 3175 83 "" 
    31 3175 83 "" 
    31 3175 83 "" 
    31 3175 83 "" 
    31 3175 83 "" 
    31 3175 83 "" 
    31 3175 83 "" 
    31 3175 83 "" 
    31 3175 83 "" 
    31 3175 83 "" 
    31 3175 83 "" 
    31 3207 86 ""
    31 3175 83 "" 
    31 3175 83 "" 
    31 3175 83 "" 
    31 3175 83 "" 
    31 3175 83 "" 
    31 3175 83 "" 
    31 3175 83 "" 
    31 3175 83 "" 
    31 3175 83 "" 
    31 3175 83 "" 
    31 3175 83 "" 
    31 3175 83 "" 
    31 3175 83 "" 
    31 3175 83 "" 
    31 3175 83 "" 
    31 3208 86 ""
    31 3210 87 ""
    31 3215 84 ""
    31 3175 83 "" 
    31 3175 83 "" 
    31 3175 83 "" 
    31 3175 83 "" 
    31 3175 83 "" 
    31 3175 83 "" 
    31 3175 83 "" 
    31 3175 83 "" 
    31 3175 83 "" 
    31 3175 83 "" 
    31 3175 83 "" 
    31 3175 83 "" 
    31 3175 83 "" 
    31 3175 83 "" 
    31 3175 83 "" 
    31 3218 86 ""
    31 3219 85 ""
    31 3608 89 ""
    31 3994 90 "" 
    31 3994 90 "" 
    31 3994 90 "" 
    31 3994 90 "" 
    31 3994 90 "" 
    31 3994 90 "" 
    31 3994 90 "" 
    31 3994 90 "" 
    31 3994 90 "" 
    31 3994 90 "" 
    31 3994 90 "" 
    31 3994 90 "" 
    31 3994 90 "" 
    31 3994 90 "" 
    31 3994 90 "" 
    31 4007 91 "                              "
    31 4247 98 ""
    31 4248 98 ""
    31 4239 93 "" 
    31 4237 92 "" 
    31 4237 92 "" 
    31 4239 93 "" 
    31 4237 92 "" 
    31 4237 92 "" 
    31 4239 93 "" 
    31 4237 92 "" 
    31 4237 92 "" 
    31 4239 93 "" 
    31 4237 92 "" 
    31 4237 92 "" 
    31 4239 93 "" 
    31 4237 92 "" 
    31 4237 92 "" 
    31 4239 93 "" 
    31 4237 92 "" 
    31 4237 92 "" 
    31 4239 93 "" 
    31 4237 92 "" 
    31 4237 92 "" 
    31 4239 93 "" 
    31 4237 92 "" 
    31 4237 92 "" 
    31 4239 93 "" 
    31 4237 92 "" 
    31 4237 92 "" 
    31 4239 93 "" 
    31 4237 92 "" 
    31 4237 92 "" 
    31 4239 93 "" 
    31 4237 92 "" 
    31 4237 92 "" 
    31 4239 93 "" 
    31 4237 92 "" 
    31 4237 92 "" 
    31 4239 93 "" 
    31 4237 92 "" 
    31 4237 92 "" 
    31 4239 93 "" 
    31 4237 92 "" 
    31 4237 92 "" 
    31 4239 93 "" 
    31 4237 92 "" 
    31 4237 92 "" 
    31 4255 95 "                                                                                                                                                                                                                                                                                                                                                                                                                                                                                                "
    31 4239 93 "" 
    31 4237 92 "" 
    31 4237 92 "" 
    31 4239 93 "" 
    31 4237 92 "" 
    31 4237 92 "" 
    31 4239 93 "" 
    31 4237 92 "" 
    31 4237 92 "" 
    31 4239 93 "" 
    31 4237 92 "" 
    31 4237 92 "" 
    31 4239 93 "" 
    31 4237 92 "" 
    31 4237 92 "" 
    31 4239 93 "" 
    31 4237 92 "" 
    31 4237 92 "" 
    31 4239 93 "" 
    31 4237 92 "" 
    31 4237 92 "" 
    31 4239 93 "" 
    31 4237 92 "" 
    31 4237 92 "" 
    31 4239 93 "" 
    31 4237 92 "" 
    31 4237 92 "" 
    31 4239 93 "" 
    31 4237 92 "" 
    31 4237 92 "" 
    31 4239 93 "" 
    31 4237 92 "" 
    31 4237 92 "" 
    31 4239 93 "" 
    31 4237 92 "" 
    31 4237 92 "" 
    31 4239 93 "" 
    31 4237 92 "" 
    31 4237 92 "" 
    31 4239 93 "" 
    31 4237 92 "" 
    31 4237 92 "" 
    31 4239 93 "" 
    31 4237 92 "" 
    31 4237 92 "" 
    31 4258 95 "                                                                                                                                                                                                                                                                                                                                                                                                                                                                                                "
    31 4260 98 ""
    31 4304 103 ""
    31 4305 103 ""
    31 4311 103 ""
end
begin 32
    32 256 104 ""
    32 268 105 ""
    32 628 106 "  "
    32 1011 107 ""
    32 1025 108 ""
    32 1039 109 ""
    32 1054 110 "" 
    32 1054 110 "" 
    32 1054 110 "" 
    32 1054 110 "" 
    32 1054 110 "" 
    32 1054 110 "" 
    32 1054 110 "" 
    32 1054 110 "" 
    32 1054 110 "" 
    32 1054 110 "" 
    32 1054 110 "" 
    32 1054 110 "" 
    32 1054 110 "" 
    32 1054 110 "" 
    32 1054 110 "" 
    32 1054 110 "" 
    32 1054 110 "" 
    32 1054 110 "" 
    32 1054 110 "" 
    32 1054 110 "" 
    32 1054 110 "" 
    32 1054 110 "" 
    32 1054 110 "" 
    32 1059 111 "                                                                         "
    32 1422 112 "" 
    32 1422 112 "" 
    32 1422 112 "" 
    32 1422 112 "" 
    32 1422 112 "" 
    32 1422 112 "" 
    32 1422 112 "" 
    32 1422 112 "" 
    32 1422 112 "" 
    32 1422 112 "" 
    32 1422 112 "" 
    32 1422 112 "" 
    32 1422 112 "" 
    32 1422 112 "" 
    32 1422 112 "" 
    32 1422 112 "" 
    32 1422 112 "" 
    32 1422 112 "" 
    32 1422 112 "" 
    32 1422 112 "" 
    32 1422 112 "" 
    32 1422 112 "" 
    32 1422 112 "" 
    32 1422 112 "" 
    32 1422 112 "" 
    32 1422 112 "" 
    32 1422 112 "" 
    32 1422 112 "" 
    32 1422 112 "" 
    32 1423 113 ""
    32 1574 114 ""
    32 1596 115 ""
    32 1615 116 ""
    32 1632 117 ""
    32 1648 118 ""
end
begin 33
end
begin 34
end
begin 31
    31 103 119 ""
    31 140 120 "  "
    31 142 120 "  "
    31 292 121 "       "
    31 319 122 ""
    31 322 122 ""
    31 350 123 "       "
    31 377 125 "       "
    31 405 126 "                                                                         "
    31 429 127 "                                                                         "
    31 432 127 "                                                                         "
    31 457 128 "                                                                         "
    31 482 129 "                                                                         "
    31 520 130 ""
    31 521 130 ""
    31 531 130 ""
    31 682 132 ""
    31 683 131 "                           "
    31 684 131 "                           "
    31 695 132 ""
    31 696 131 "                           "
    31 697 131 "                           "
    31 698 131 ""
    31 737 135 ""
    31 740 135 ""
    31 741 134 "                                                                         "
    31 742 134 "                                                                         "
    31 745 134 ""
    31 802 140 "   "
    31 818 140 "   "
    31 819 137 "                                                                         "
    31 820 137 "                                                                         "
    31 822 137 ""
    31 1133 144 "" 
    31 1133 144 "" 
    31 1133 144 "" 
    31 1133 144 "" 
    31 1133 144 "" 
    31 1133 144 "" 
    31 1133 144 "" 
    31 1144 145 "                       "
    31 1199 154 "                  "
    31 1203 154 ""
    31 1297 157 "                                                                         "
    31 1299 157 "                                                                         "
    31 1300 157 ""
    31 1328 158 "                                                                         "
    31 1329 158 ""
    31 1804 161 "                          "
    31 1801 159 "" 
    31 1801 159 "" 
    31 1801 159 "" 
    31 1801 159 "" 
    31 1801 159 "" 
    31 1801 159 "" 
    31 1801 159 "" 
    31 1801 159 "" 
    31 1801 159 "" 
    31 1801 159 "" 
    31 1801 159 "" 
    31 1801 159 "" 
    31 1801 159 "" 
    31 1801 159 "" 
    31 1801 159 "" 
    31 1801 159 "" 
    31 1801 159 "" 
    31 1801 159 "" 
    31 1801 159 "" 
    31 1801 159 "" 
    31 1805 160 "                                                                                                                          "
    31 1801 159 "" 
    31 1801 159 "" 
    31 1801 159 "" 
    31 1801 159 "" 
    31 1801 159 "" 
    31 1801 159 "" 
    31 1801 159 "" 
    31 1801 159 "" 
    31 1801 159 "" 
    31 1801 159 "" 
    31 1801 159 "" 
    31 1801 159 "" 
    31 1801 159 "" 
    31 1801 159 "" 
    31 1801 159 "" 
    31 1801 159 "" 
    31 1801 159 "" 
    31 1801 159 "" 
    31 1801 159 "" 
    31 1801 159 "" 
    31 1808 160 "                                                                                                                          "
    31 1857 162 "" 
    31 1857 162 "" 
    31 1857 162 "" 
    31 1857 162 "" 
    31 1857 162 "" 
    31 1857 162 "" 
    31 1857 162 "" 
    31 1857 162 "" 
    31 1857 162 "" 
    31 1857 162 "" 
    31 1857 162 "" 
    31 1857 162 "" 
    31 1857 162 "" 
    31 1857 162 "" 
    31 1857 162 "" 
    31 1870 163 "                              "
    31 2004 164 ""
    31 2005 164 ""
    31 2006 164 ""
    31 2010 164 ""
    31 2033 165 "                  "
    31 2034 165 "                  "
    31 2035 165 "                  "
    31 2038 165 ""
    31 2058 166 ""
    31 2059 166 ""
    31 2060 166 ""
    31 2068 166 ""
    31 2087 167 ""
    31 2088 167 ""
    31 2089 167 ""
    31 2095 167 ""
    31 2119 168 ""
    31 2120 168 ""
    31 2123 168 ""
    31 2143 169 ""
    31 2144 169 ""
    31 2147 169 ""
    31 2166 170 ""
    31 2167 170 ""
    31 2173 170 ""
    31 2190 171 ""
    31 2191 171 ""
    31 2196 171 ""
    31 2219 172 ""
    31 2222 172 ""
    31 2242 173 "                  "
    31 2244 173 ""
    31 2265 174 ""
    31 2268 174 ""
    31 2284 175 ""
    31 2289 175 ""
    31 2408 176 ""
    31 2430 177 "                                                                         "
    31 2431 177 ""
    31 2796 181 ""
    31 2797 181 ""
    31 2803 179 ""
    31 2781 178 "" 
    31 2781 178 "" 
    31 2781 178 "" 
    31 2781 178 "" 
    31 2781 178 "" 
    31 2781 178 "" 
    31 2781 178 "" 
    31 2781 178 "" 
    31 2781 178 "" 
    31 2781 178 "" 
    31 2781 178 "" 
    31 2781 178 "" 
    31 2781 178 "" 
    31 2781 178 "" 
    31 2781 178 "" 
    31 2804 180 ""
    31 2805 181 ""
    31 2781 178 "" 
    31 2781 178 "" 
    31 2781 178 "" 
    31 2781 178 "" 
    31 2781 178 "" 
    31 2781 178 "" 
    31 2781 178 "" 
    31 2781 178 "" 
    31 2781 178 "" 
    31 2781 178 "" 
    31 2781 178 "" 
    31 2781 178 "" 
    31 2781 178 "" 
    31 2781 178 "" 
    31 2781 178 "" 
    31 2817 180 ""
    31 2781 178 "" 
    31 2781 178 "" 
    31 2781 178 "" 
    31 2781 178 "" 
    31 2781 178 "" 
    31 2781 178 "" 
    31 2781 178 "" 
    31 2781 178 "" 
    31 2781 178 "" 
    31 2781 178 "" 
    31 2781 178 "" 
    31 2781 178 "" 
    31 2781 178 "" 
    31 2781 178 "" 
    31 2781 178 "" 
    31 2818 180 ""
    31 2825 179 ""
    31 2781 178 "" 
    31 2781 178 "" 
    31 2781 178 "" 
    31 2781 178 "" 
    31 2781 178 "" 
    31 2781 178 "" 
    31 2781 178 "" 
    31 2781 178 "" 
    31 2781 178 "" 
    31 2781 178 "" 
    31 2781 178 "" 
    31 2781 178 "" 
    31 2781 178 "" 
    31 2781 178 "" 
    31 2781 178 "" 
    31 2827 180 ""
    31 2828 181 ""
    31 2836 179 ""
    31 2896 191 ""
    31 2989 194 "      "
    31 2990 196 "   "
    31 2992 193 ""
    31 2994 196 "   "
    31 2995 193 ""
    31 2996 195 "     "
    31 2997 192 "    31 2998 193 "    31 2999 194 "    31 3000 195 "    31 3001 196 ""
    31 3067 200 ""
    31 3068 200 ""
    31 3060 197 "" 
    31 3060 197 "" 
    31 3060 197 "" 
    31 3060 197 "" 
    31 3060 197 "" 
    31 3060 197 "" 
    31 3060 197 "" 
    31 3060 197 "" 
    31 3060 197 "" 
    31 3060 197 "" 
    31 3060 197 "" 
    31 3060 197 "" 
    31 3060 197 "" 
    31 3060 197 "" 
    31 3060 197 "" 
    31 3074 199 ""
    31 3075 200 ""
    31 3060 197 "" 
    31 3060 197 "" 
    31 3060 197 "" 
    31 3060 197 "" 
    31 3060 197 "" 
    31 3060 197 "" 
    31 3060 197 "" 
    31 3060 197 "" 
    31 3060 197 "" 
    31 3060 197 "" 
    31 3060 197 "" 
    31 3060 197 "" 
    31 3060 197 "" 
    31 3060 197 "" 
    31 3060 197 "" 
    31 3087 199 ""
    31 3060 197 "" 
    31 3060 197 "" 
    31 3060 197 "" 
    31 3060 197 "" 
    31 3060 197 "" 
    31 3060 197 "" 
    31 3060 197 "" 
    31 3060 197 "" 
    31 3060 197 "" 
    31 3060 197 "" 
    31 3060 197 "" 
    31 3060 197 "" 
    31 3060 197 "" 
    31 3060 197 "" 
    31 3060 197 "" 
    31 3088 199 ""
    31 3060 197 "" 
    31 3060 197 "" 
    31 3060 197 "" 
    31 3060 197 "" 
    31 3060 197 "" 
    31 3060 197 "" 
    31 3060 197 "" 
    31 3060 197 "" 
    31 3060 197 "" 
    31 3060 197 "" 
    31 3060 197 "" 
    31 3060 197 "" 
    31 3060 197 "" 
    31 3060 197 "" 
    31 3060 197 "" 
    31 3094 199 ""
    31 3102 198 ""
    31 3181 204 ""
    31 3182 204 ""
    31 3190 203 ""
    31 3191 206 ""
    31 3175 202 "" 
    31 3175 202 "" 
    31 3175 202 "" 
    31 3175 202 "" 
    31 3175 202 "" 
    31 3175 202 "" 
    31 3175 202 "" 
    31 3175 202 "" 
    31 3175 202 "" 
    31 3175 202 "" 
    31 3175 202 "" 
    31 3175 202 "" 
    31 3175 202 "" 
    31 3175 202 "" 
    31 3175 202 "" 
    31 3194 205 ""
    31 3195 204 ""
    31 3175 202 "" 
    31 3175 202 "" 
    31 3175 202 "" 
    31 3175 202 "" 
    31 3175 202 "" 
    31 3175 202 "" 
    31 3175 202 "" 
    31 3175 202 "" 
    31 3175 202 "" 
    31 3175 202 "" 
    31 3175 202 "" 
    31 3175 202 "" 
    31 3175 202 "" 
    31 3175 202 "" 
    31 3175 202 "" 
    31 3207 205 ""
    31 3175 202 "" 
    31 3175 202 "" 
    31 3175 202 "" 
    31 3175 202 "" 
    31 3175 202 "" 
    31 3175 202 "" 
    31 3175 202 "" 
    31 3175 202 "" 
    31 3175 202 "" 
    31 3175 202 "" 
    31 3175 202 "" 
    31 3175 202 "" 
    31 3175 202 "" 
    31 3175 202 "" 
    31 3175 202 "" 
    31 3208 205 ""
    31 3210 206 ""
    31 3215 203 ""
    31 3175 202 "" 
    31 3175 202 "" 
    31 3175 202 "" 
    31 3175 202 "" 
    31 3175 202 "" 
    31 3175 202 "" 
    31 3175 202 "" 
    31 3175 202 "" 
    31 3175 202 "" 
    31 3175 202 "" 
    31 3175 202 "" 
    31 3175 202 "" 
    31 3175 202 "" 
    31 3175 202 "" 
    31 3175 202 "" 
    31 3218 205 ""
    31 3219 204 ""
    31 3608 208 ""
    31 3994 209 "" 
    31 3994 209 "" 
    31 3994 209 "" 
    31 3994 209 "" 
    31 3994 209 "" 
    31 3994 209 "" 
    31 3994 209 "" 
    31 3994 209 "" 
    31 3994 209 "" 
    31 3994 209 "" 
    31 3994 209 "" 
    31 3994 209 "" 
    31 3994 209 "" 
    31 3994 209 "" 
    31 3994 209 "" 
    31 4007 210 "                              "
    31 4247 217 ""
    31 4248 217 ""
    31 4239 212 "" 
    31 4237 211 "" 
    31 4237 211 "" 
    31 4239 212 "" 
    31 4237 211 "" 
    31 4237 211 "" 
    31 4239 212 "" 
    31 4237 211 "" 
    31 4237 211 "" 
    31 4239 212 "" 
    31 4237 211 "" 
    31 4237 211 "" 
    31 4239 212 "" 
    31 4237 211 "" 
    31 4237 211 "" 
    31 4239 212 "" 
    31 4237 211 "" 
    31 4237 211 "" 
    31 4239 212 "" 
    31 4237 211 "" 
    31 4237 211 "" 
    31 4239 212 "" 
    31 4237 211 "" 
    31 4237 211 "" 
    31 4239 212 "" 
    31 4237 211 "" 
    31 4237 211 "" 
    31 4239 212 "" 
    31 4237 211 "" 
    31 4237 211 "" 
    31 4239 212 "" 
    31 4237 211 "" 
    31 4237 211 "" 
    31 4239 212 "" 
    31 4237 211 "" 
    31 4237 211 "" 
    31 4239 212 "" 
    31 4237 211 "" 
    31 4237 211 "" 
    31 4239 212 "" 
    31 4237 211 "" 
    31 4237 211 "" 
    31 4239 212 "" 
    31 4237 211 "" 
    31 4237 211 "" 
    31 4255 214 "                                                                                                                                                                                                                                                                                                                                                                                                                                                                                                "
    31 4239 212 "" 
    31 4237 211 "" 
    31 4237 211 "" 
    31 4239 212 "" 
    31 4237 211 "" 
    31 4237 211 "" 
    31 4239 212 "" 
    31 4237 211 "" 
    31 4237 211 "" 
    31 4239 212 "" 
    31 4237 211 "" 
    31 4237 211 "" 
    31 4239 212 "" 
    31 4237 211 "" 
    31 4237 211 "" 
    31 4239 212 "" 
    31 4237 211 "" 
    31 4237 211 "" 
    31 4239 212 "" 
    31 4237 211 "" 
    31 4237 211 "" 
    31 4239 212 "" 
    31 4237 211 "" 
    31 4237 211 "" 
    31 4239 212 "" 
    31 4237 211 "" 
    31 4237 211 "" 
    31 4239 212 "" 
    31 4237 211 "" 
    31 4237 211 "" 
    31 4239 212 "" 
    31 4237 211 "" 
    31 4237 211 "" 
    31 4239 212 "" 
    31 4237 211 "" 
    31 4237 211 "" 
    31 4239 212 "" 
    31 4237 211 "" 
    31 4237 211 "" 
    31 4239 212 "" 
    31 4237 211 "" 
    31 4237 211 "" 
    31 4239 212 "" 
    31 4237 211 "" 
    31 4237 211 "" 
    31 4258 214 "                                                                                                                                                                                                                                                                                                                                                                                                                                                                                                "
    31 4260 217 ""
    31 4304 222 ""
    31 4305 222 ""
    31 4311 222 ""
end
begin 31
    31 103 223 ""
    31 140 224 "  "
    31 142 224 "  "
    31 292 225 "       "
    31 319 226 ""
    31 322 226 ""
    31 350 227 "       "
    31 377 229 "       "
    31 405 230 "                                                                         "
    31 429 231 "                                                                         "
    31 432 231 "                                                                         "
    31 457 232 "                                                                         "
    31 482 233 "                                                                         "
    31 520 234 ""
    31 521 234 ""
    31 531 234 ""
    31 682 236 ""
    31 683 235 "                           "
    31 684 235 "                           "
    31 695 236 ""
    31 696 235 "                           "
    31 697 235 "                           "
    31 698 235 ""
    31 737 239 ""
    31 740 239 ""
    31 741 238 "                                                                         "
    31 742 238 "                                                                         "
    31 745 238 ""
    31 802 244 "   "
    31 818 244 "   "
    31 819 241 "                                                                         "
    31 820 241 "                                                                         "
    31 822 241 ""
    31 1133 248 "" 
    31 1133 248 "" 
    31 1133 248 "" 
    31 1133 248 "" 
    31 1133 248 "" 
    31 1133 248 "" 
    31 1133 248 "" 
    31 1144 249 "                       "
    31 1199 258 "                  "
    31 1203 258 ""
    31 1297 261 "                                                                         "
    31 1299 261 "                                                                         "
    31 1300 261 ""
    31 1328 262 "                                                                         "
    31 1329 262 ""
    31 1804 265 "                          "
    31 1801 263 "" 
    31 1801 263 "" 
    31 1801 263 "" 
    31 1801 263 "" 
    31 1801 263 "" 
    31 1801 263 "" 
    31 1801 263 "" 
    31 1801 263 "" 
    31 1801 263 "" 
    31 1801 263 "" 
    31 1801 263 "" 
    31 1801 263 "" 
    31 1801 263 "" 
    31 1801 263 "" 
    31 1801 263 "" 
    31 1801 263 "" 
    31 1801 263 "" 
    31 1801 263 "" 
    31 1801 263 "" 
    31 1801 263 "" 
    31 1805 264 "                                                                                                                          "
    31 1801 263 "" 
    31 1801 263 "" 
    31 1801 263 "" 
    31 1801 263 "" 
    31 1801 263 "" 
    31 1801 263 "" 
    31 1801 263 "" 
    31 1801 263 "" 
    31 1801 263 "" 
    31 1801 263 "" 
    31 1801 263 "" 
    31 1801 263 "" 
    31 1801 263 "" 
    31 1801 263 "" 
    31 1801 263 "" 
    31 1801 263 "" 
    31 1801 263 "" 
    31 1801 263 "" 
    31 1801 263 "" 
    31 1801 263 "" 
    31 1808 264 "                                                                                                                          "
    31 1857 266 "" 
    31 1857 266 "" 
    31 1857 266 "" 
    31 1857 266 "" 
    31 1857 266 "" 
    31 1857 266 "" 
    31 1857 266 "" 
    31 1857 266 "" 
    31 1857 266 "" 
    31 1857 266 "" 
    31 1857 266 "" 
    31 1857 266 "" 
    31 1857 266 "" 
    31 1857 266 "" 
    31 1857 266 "" 
    31 1870 267 "                              "
    31 2004 268 ""
    31 2005 268 ""
    31 2006 268 ""
    31 2010 268 ""
    31 2033 269 "                  "
    31 2034 269 "                  "
    31 2035 269 "                  "
    31 2038 269 ""
    31 2058 270 ""
    31 2059 270 ""
    31 2060 270 ""
    31 2068 270 ""
    31 2087 271 ""
    31 2088 271 ""
    31 2089 271 ""
    31 2095 271 ""
    31 2119 272 ""
    31 2120 272 ""
    31 2123 272 ""
    31 2143 273 ""
    31 2144 273 ""
    31 2147 273 ""
    31 2166 274 ""
    31 2167 274 ""
    31 2173 274 ""
    31 2190 275 ""
    31 2191 275 ""
    31 2196 275 ""
    31 2219 276 ""
    31 2222 276 ""
    31 2242 277 "                  "
    31 2244 277 ""
    31 2265 278 ""
    31 2268 278 ""
    31 2284 279 ""
    31 2289 279 ""
    31 2408 280 ""
    31 2430 281 "                                                                         "
    31 2431 281 ""
    31 2796 285 ""
    31 2797 285 ""
    31 2803 283 ""
    31 2781 282 "" 
    31 2781 282 "" 
    31 2781 282 "" 
    31 2781 282 "" 
    31 2781 282 "" 
    31 2781 282 "" 
    31 2781 282 "" 
    31 2781 282 "" 
    31 2781 282 "" 
    31 2781 282 "" 
    31 2781 282 "" 
    31 2781 282 "" 
    31 2781 282 "" 
    31 2781 282 "" 
    31 2781 282 "" 
    31 2804 284 ""
    31 2805 285 ""
    31 2781 282 "" 
    31 2781 282 "" 
    31 2781 282 "" 
    31 2781 282 "" 
    31 2781 282 "" 
    31 2781 282 "" 
    31 2781 282 "" 
    31 2781 282 "" 
    31 2781 282 "" 
    31 2781 282 "" 
    31 2781 282 "" 
    31 2781 282 "" 
    31 2781 282 "" 
    31 2781 282 "" 
    31 2781 282 "" 
    31 2817 284 ""
    31 2781 282 "" 
    31 2781 282 "" 
    31 2781 282 "" 
    31 2781 282 "" 
    31 2781 282 "" 
    31 2781 282 "" 
    31 2781 282 "" 
    31 2781 282 "" 
    31 2781 282 "" 
    31 2781 282 "" 
    31 2781 282 "" 
    31 2781 282 "" 
    31 2781 282 "" 
    31 2781 282 "" 
    31 2781 282 "" 
    31 2818 284 ""
    31 2825 283 ""
    31 2781 282 "" 
    31 2781 282 "" 
    31 2781 282 "" 
    31 2781 282 "" 
    31 2781 282 "" 
    31 2781 282 "" 
    31 2781 282 "" 
    31 2781 282 "" 
    31 2781 282 "" 
    31 2781 282 "" 
    31 2781 282 "" 
    31 2781 282 "" 
    31 2781 282 "" 
    31 2781 282 "" 
    31 2781 282 "" 
    31 2827 284 ""
    31 2828 285 ""
    31 2836 283 ""
    31 2896 295 ""
    31 2989 298 "      "
    31 2990 300 "   "
    31 2992 297 ""
    31 2994 300 "   "
    31 2995 297 ""
    31 2996 299 "     "
    31 2997 296 "    31 2998 297 "    31 2999 298 "    31 3000 299 "    31 3001 300 ""
    31 3067 304 ""
    31 3068 304 ""
    31 3060 301 "" 
    31 3060 301 "" 
    31 3060 301 "" 
    31 3060 301 "" 
    31 3060 301 "" 
    31 3060 301 "" 
    31 3060 301 "" 
    31 3060 301 "" 
    31 3060 301 "" 
    31 3060 301 "" 
    31 3060 301 "" 
    31 3060 301 "" 
    31 3060 301 "" 
    31 3060 301 "" 
    31 3060 301 "" 
    31 3074 303 ""
    31 3075 304 ""
    31 3060 301 "" 
    31 3060 301 "" 
    31 3060 301 "" 
    31 3060 301 "" 
    31 3060 301 "" 
    31 3060 301 "" 
    31 3060 301 "" 
    31 3060 301 "" 
    31 3060 301 "" 
    31 3060 301 "" 
    31 3060 301 "" 
    31 3060 301 "" 
    31 3060 301 "" 
    31 3060 301 "" 
    31 3060 301 "" 
    31 3087 303 ""
    31 3060 301 "" 
    31 3060 301 "" 
    31 3060 301 "" 
    31 3060 301 "" 
    31 3060 301 "" 
    31 3060 301 "" 
    31 3060 301 "" 
    31 3060 301 "" 
    31 3060 301 "" 
    31 3060 301 "" 
    31 3060 301 "" 
    31 3060 301 "" 
    31 3060 301 "" 
    31 3060 301 "" 
    31 3060 301 "" 
    31 3088 303 ""
    31 3060 301 "" 
    31 3060 301 "" 
    31 3060 301 "" 
    31 3060 301 "" 
    31 3060 301 "" 
    31 3060 301 "" 
    31 3060 301 "" 
    31 3060 301 "" 
    31 3060 301 "" 
    31 3060 301 "" 
    31 3060 301 "" 
    31 3060 301 "" 
    31 3060 301 "" 
    31 3060 301 "" 
    31 3060 301 "" 
    31 3094 303 ""
    31 3102 302 ""
    31 3181 308 ""
    31 3182 308 ""
    31 3190 307 ""
    31 3191 310 ""
    31 3175 306 "" 
    31 3175 306 "" 
    31 3175 306 "" 
    31 3175 306 "" 
    31 3175 306 "" 
    31 3175 306 "" 
    31 3175 306 "" 
    31 3175 306 "" 
    31 3175 306 "" 
    31 3175 306 "" 
    31 3175 306 "" 
    31 3175 306 "" 
    31 3175 306 "" 
    31 3175 306 "" 
    31 3175 306 "" 
    31 3194 309 ""
    31 3195 308 ""
    31 3175 306 "" 
    31 3175 306 "" 
    31 3175 306 "" 
    31 3175 306 "" 
    31 3175 306 "" 
    31 3175 306 "" 
    31 3175 306 "" 
    31 3175 306 "" 
    31 3175 306 "" 
    31 3175 306 "" 
    31 3175 306 "" 
    31 3175 306 "" 
    31 3175 306 "" 
    31 3175 306 "" 
    31 3175 306 "" 
    31 3207 309 ""
    31 3175 306 "" 
    31 3175 306 "" 
    31 3175 306 "" 
    31 3175 306 "" 
    31 3175 306 "" 
    31 3175 306 "" 
    31 3175 306 "" 
    31 3175 306 "" 
    31 3175 306 "" 
    31 3175 306 "" 
    31 3175 306 "" 
    31 3175 306 "" 
    31 3175 306 "" 
    31 3175 306 "" 
    31 3175 306 "" 
    31 3208 309 ""
    31 3210 310 ""
    31 3215 307 ""
    31 3175 306 "" 
    31 3175 306 "" 
    31 3175 306 "" 
    31 3175 306 "" 
    31 3175 306 "" 
    31 3175 306 "" 
    31 3175 306 "" 
    31 3175 306 "" 
    31 3175 306 "" 
    31 3175 306 "" 
    31 3175 306 "" 
    31 3175 306 "" 
    31 3175 306 "" 
    31 3175 306 "" 
    31 3175 306 "" 
    31 3218 309 ""
    31 3219 308 ""
    31 3608 312 ""
    31 3994 313 "" 
    31 3994 313 "" 
    31 3994 313 "" 
    31 3994 313 "" 
    31 3994 313 "" 
    31 3994 313 "" 
    31 3994 313 "" 
    31 3994 313 "" 
    31 3994 313 "" 
    31 3994 313 "" 
    31 3994 313 "" 
    31 3994 313 "" 
    31 3994 313 "" 
    31 3994 313 "" 
    31 3994 313 "" 
    31 4007 314 "                              "
    31 4247 321 ""
    31 4248 321 ""
    31 4239 316 "" 
    31 4237 315 "" 
    31 4237 315 "" 
    31 4239 316 "" 
    31 4237 315 "" 
    31 4237 315 "" 
    31 4239 316 "" 
    31 4237 315 "" 
    31 4237 315 "" 
    31 4239 316 "" 
    31 4237 315 "" 
    31 4237 315 "" 
    31 4239 316 "" 
    31 4237 315 "" 
    31 4237 315 "" 
    31 4239 316 "" 
    31 4237 315 "" 
    31 4237 315 "" 
    31 4239 316 "" 
    31 4237 315 "" 
    31 4237 315 "" 
    31 4239 316 "" 
    31 4237 315 "" 
    31 4237 315 "" 
    31 4239 316 "" 
    31 4237 315 "" 
    31 4237 315 "" 
    31 4239 316 "" 
    31 4237 315 "" 
    31 4237 315 "" 
    31 4239 316 "" 
    31 4237 315 "" 
    31 4237 315 "" 
    31 4239 316 "" 
    31 4237 315 "" 
    31 4237 315 "" 
    31 4239 316 "" 
    31 4237 315 "" 
    31 4237 315 "" 
    31 4239 316 "" 
    31 4237 315 "" 
    31 4237 315 "" 
    31 4239 316 "" 
    31 4237 315 "" 
    31 4237 315 "" 
    31 4255 318 "                                                                                                                                                                                                                                                                                                                                                                                                                                                                                                "
    31 4239 316 "" 
    31 4237 315 "" 
    31 4237 315 "" 
    31 4239 316 "" 
    31 4237 315 "" 
    31 4237 315 "" 
    31 4239 316 "" 
    31 4237 315 "" 
    31 4237 315 "" 
    31 4239 316 "" 
    31 4237 315 "" 
    31 4237 315 "" 
    31 4239 316 "" 
    31 4237 315 "" 
    31 4237 315 "" 
    31 4239 316 "" 
    31 4237 315 "" 
    31 4237 315 "" 
    31 4239 316 "" 
    31 4237 315 "" 
    31 4237 315 "" 
    31 4239 316 "" 
    31 4237 315 "" 
    31 4237 315 "" 
    31 4239 316 "" 
    31 4237 315 "" 
    31 4237 315 "" 
    31 4239 316 "" 
    31 4237 315 "" 
    31 4237 315 "" 
    31 4239 316 "" 
    31 4237 315 "" 
    31 4237 315 "" 
    31 4239 316 "" 
    31 4237 315 "" 
    31 4237 315 "" 
    31 4239 316 "" 
    31 4237 315 "" 
    31 4237 315 "" 
    31 4239 316 "" 
    31 4237 315 "" 
    31 4237 315 "" 
    31 4239 316 "" 
    31 4237 315 "" 
    31 4237 315 "" 
    31 4258 318 "                                                                                                                                                                                                                                                                                                                                                                                                                                                                                                "
    31 4260 321 ""
    31 4304 326 ""
    31 4305 326 ""
    31 4311 326 ""
end
